-9.628946753627174449e-01
-9.513256456003741368e-01
9.238563171024003484e-01
-9.203657046961429833e-01
9.147624250555389525e-01
-9.113848111927217444e-01
9.069152802978046601e-01
-9.046898738816541163e-01
-8.165674175993818951e-01
-8.127101760292455568e-01
-7.753753502611512305e-01
7.698618035728606035e-01
7.598482883422608136e-01
7.134980623073898798e-01
6.899975725424589701e-01
-6.199251824895881668e-01
-6.190881561786502063e-01
6.183687198674443497e-01
5.551220907249783121e-01
-5.449465981340703147e-01
-4.102147619728124250e-01
